10008  
10930  
12088  
12614  
12890  
13392  
14760  
15187  
16973  
17238  
17528  
18063  
18097  
19590  
21413  
22026  
24906  
25161  
102059 
104942 
105019 
105896 
106051 
106990 
107418 
112067 
113459 
114872 
115332 
117166 
120130 
201365 
204574 
204715 
206758 
209372 
209972 
212888 
221836 
7408   
9803   
9805   
10161  
10490  
10633  
10720  
11105  
11642  
11923  
14243  
17609  
18592  
18632  
19144  
19638  
22785  
23280  
25302  
27354  
27525  
28040  
28996  
29600  
102992 
103167 
104708 
108805 
113802 
114105 
114367 
205957 
206503 
208875 
212930 
216342 
218711 
218894 
219917 
220689 
22266  
8483   
10614  
23185  
25911  
114836 
207035 
207065 
